HYDROGEN
S   1
  1      4294.1079              1.0000000
S   1
  1      620.95272              1.0000000
S   1
  1      137.35912              1.0000000
S   1
  1      38.034683              1.0000000
S   1
  1      12.181023              1.0000000
S   1
  1      4.3295164              1.0000000
S   1
  1      1.6655737              1.0000000
S   1
  1      0.6820993              1.0000000
S   1
  1      0.2936850              1.0000000
S   1
  1      0.1311530              1.0000000
S   1
  1      0.0589277              1.0000000
S   1
  1      0.0179957              1.0000000
P   1
  1      2.4703093              1.0000000
P   1
  1      0.6926014              1.0000000
P   1
  1      0.2140264              1.0000000
P   1
  1      0.0644996              1.0000000
D   1
  1      1.7091373              1.0000000
D   1
  1      0.4597642              1.0000000
D   1
  1      0.1448464              1.0000000
F   1
  1      1.0603400              1.0000000
F   1
  1      0.3144667              1.0000000

HELIUM
S   1
  1      9623.9140              1.0000000
S   1
  1      1434.5628              1.0000000
S   1
  1      325.52246              1.0000000
S   1
  1      91.996218              1.0000000
S   1
  1      29.953148              1.0000000
S   1
  1      10.788546              1.0000000
S   1
  1      4.1814964              1.0000000
S   1
  1      1.6991000              1.0000000
S   1
  1      0.7080896              1.0000000
S   1
  1      0.3003408              1.0000000
S   1
  1      0.1271636              1.0000000
S   1
  1      0.0455681              1.0000000
P   1
  1      6.2552357              1.0000000
P   1
  1      1.7537822              1.0000000
P   1
  1      0.5419506              1.0000000
P   1
  1      0.1633239              1.0000000
D   1
  1      4.3278210              1.0000000
D   1
  1      1.1641996              1.0000000
D   1
  1      0.3667754              1.0000000
F   1
  1      2.6849579              1.0000000
F   1
  1      0.7962820              1.0000000

















