HYDROGEN
S   1
  1      82.968739              1.0000000
S   1
  1      12.457151              1.0000000
S   1
  1      2.8338242              1.0000000
S   1
  1      0.8001641              1.0000000
S   1
  1      0.2586294              1.0000000
S   1
  1      0.0899767              1.0000000
P   1
  1      0.5024489              1.0000000

HELIUM
S   1
  1      234.52233              1.0000000
S   1
  1      35.220025              1.0000000
S   1
  1      7.9984030              1.0000000
S   1
  1      2.2138593              1.0000000
S   1
  1      0.6673716              1.0000000
S   1
  1      0.2090059              1.0000000
P   1
  1      1.2722845              1.0000000

LITHIUM
S   1
  1      3355.1199              1.0000000
S   1
  1      501.23301              1.0000000
S   1
  1      113.83827              1.0000000
S   1
  1      32.173066             1.0000000
S   1
  1      10.434005              1.0000000
S   1
  1      3.6840225              1.0000000
S   1
  1      1.3666719              1.0000000
S   1
  1      0.5177628              1.0000000
S   1
  1      0.7443683              1.0000000
S   1
  1      0.2820238              1.0000000
P   1
  1      6.2554870              1.0000000
P   1
  1      1.3707112              1.0000000
P   1
  1      0.3672909              1.0000000
P   1
  1      0.1192029              1.0000000
P   1
  1      0.0447387              1.0000000
P   1
  1      0.0179497              1.0000000

BERYLLIUM
S   1
  1      6409.4378              1.0000000
S   1
  1      954.78941              1.0000000
S   1
  1      216.52252              1.0000000
S   1
  1      61.170308              1.0000000
S   1
  1      19.883670              1.0000000
S   1
  1      7.0888566              1.0000000
S   1
  1      2.6876916              1.0000000
S   1
  1      1.0486128              1.0000000
S   1
  1      0.1809043              1.0000000
S   1
  1      0.0586687              1.0000000
P   1
  1      13.180010              1.0000000
P   1
  1      2.9619392              1.0000000
P   1
  1      0.8484486              1.0000000
P   1
  1      0.2844459              1.0000000
P   1
  1      0.1022515              1.0000000
P   1
  1      0.0374949              1.0000000
D   1
  1      0.2712173              1.0000000


OXYGEN
S   1
  1      15992.508              1.0000000
S   1
  1      2351.9984              1.0000000
S   1
  1      529.06008              1.0000000
S   1
  1      148.46255              1.0000000
S   1
  1      47.841731              1.0000000
S   1
  1      16.855966              1.0000000
S   1
  1      6.2371154              1.0000000
S   1
  1      1.7580880              1.0000000
S   1
  1      0.6906888              1.0000000
S   1
  1      0.2390782              1.0000000
P   1
  1      63.340974              1.0000000
P   1
  1      14.583048              1.0000000
P   1
  1      4.4279737              1.0000000
P   1
  1      1.5178260              1.0000000
P   1
  1      0.5241757              1.0000000
P   1
  1      0.1721331              1.0000000
D   1
  1      1.1776613              1.0000000
