HYDROGEN
S   1
  1      901.65721              1.0000000
S   1
  1      134.64903              1.0000000
S   1
  1      30.547336              1.0000000
S   1
  1      8.6245349              1.0000000
S   1
  1      2.8049458              1.0000000
S   1
  1      1.0089646              1.0000000
S   1
  1      0.3913948              1.0000000
S   1
  1      0.1604260              1.0000000
S   1
  1      0.0671423              1.0000000
S   1
  1      0.0196181              1.0000000
P   1
  1      1.2355154              1.0000000
P   1
  1      0.2934676              1.0000000
P   1
  1      0.0816557              1.0000000
D   1
  1      0.7725119              1.0000000
D   1
  1      0.2107242              1.0000000

HELIUM
S   1
  1      2400.7259              1.0000000
S   1
  1      359.09034              1.0000000
S   1
  1      81.629274              1.0000000
S   1
  1      23.093205              1.0000000
S   1
  1      7.5121596              1.0000000
S   1
  1      2.6760196              1.0000000
S   1
  1      1.0012602              1.0000000
S   1
  1      0.3847364              1.0000000
S   1
  1      0.1491394              1.0000000
S   1
  1      0.0496763              1.0000000
P   1
  1      3.1285314              1.0000000
P   1
  1      0.7431089              1.0000000
P   1
  1      0.2067658              1.0000000
D   1
  1      1.9561291              1.0000000
D   1
  1      0.5335887              1.0000000


