HELIUM
S   1
  1      9623.9140              1.0000000
S   1
  1      1434.5628              1.0000000
S   1
  1      325.52246              1.0000000
S   1
  1      91.996218              1.0000000
S   1
  1      29.953148              1.0000000
S   1
  1      10.788546              1.0000000
S   1
  1      4.1814964              1.0000000
S   1
  1      1.6991000              1.0000000
S   1
  1      0.7080896              1.0000000
S   1
  1      0.3003408              1.0000000
S   1
  1      0.1271636              1.0000000
P   1
  1      6.2552357              1.0000000
P   1
  1      1.7537822              1.0000000
P   1
  1      0.5419506              1.0000000
D   1
  1      4.3278210              1.0000000
D   1
  1      1.1641996              1.0000000
F   1
  1      2.6849579              1.0000000


















