HYDROGEN
S   1
  1      82.968739              1.0000000
S   1
  1      12.457151              1.0000000
S   1
  1      2.8338242              1.0000000
S   1
  1      0.8001641              1.0000000
S   1
  1      0.2586294              1.0000000
S   1
  1      0.0899767              1.0000000
S   1
  1      0.0235903              1.0000000
P   1
  1      0.5024489              1.0000000
P   1
  1      0.1146910              1.0000000

HELIUM
S   1
  1      234.52233              1.0000000
S   1
  1      35.220025              1.0000000
S   1
  1      7.9984030              1.0000000
S   1
  1      2.2138593              1.0000000
S   1
  1      0.6673716              1.0000000
S   1
  1      0.2090059              1.0000000
S   1
  1      0.0597345              1.0000000
P   1
  1      1.2722845              1.0000000
P   1
  1      0.2904169              1.0000000

