HYDROGEN
S   1
  1      901.657212              1.0000000
S   1
  1      134.649031              1.0000000
S   1
  1      30.5473364              1.0000000
S   1
  1      8.62453493              1.0000000
S   1
  1      2.80494579              1.0000000
S   1
  1      1.00896460              1.0000000
S   1
  1      0.391394822             1.0000000
S   1
  1      0.160426029             1.0000000
S   1
  1      0.0671423724            1.0000000
P   1
  1      1.23551545              1.0000000
P   1
  1      0.293467565             1.0000000
D   1
  1      0.772511884             1.0000000

HELIUM
S   1
  1      2400.72588              1.0000000
S   1
  1      359.090341              1.0000000
S   1
  1      81.6292739              1.0000000
S   1
  1      23.0932047              1.0000000
S   1
  1      7.51215959              1.0000000
S   1
  1      2.67601960              1.0000000
S   1
  1      1.00126018              1.0000000
S   1
  1      0.384736732             1.0000000
S   1
  1      0.149139365             1.0000000
P   1
  1      3.12853138              1.0000000
P   1
  1      0.743108867             1.0000000
D   1
  1      1.95612906              1.0000000

BERYLLIUM
S   1
  1      58320.5813              1.0000000
S   1
  1      8574.91851              1.0000000
S   1
  1      1930.49738              1.0000000
S   1
  1      542.828734              1.0000000
S   1
  1      176.151050              1.0000000
S   1
  1      63.3348080              1.0000000
S   1
  1      24.6053217              1.0000000
S   1
  1      10.1303767              1.0000000
S   1
  1      4.35324355              1.0000000
S   1
  1      1.93804832              1.0000000
S   1
  1      0.871465714             1.0000000
S   1
  1      0.247833689             1.0000000
S   1
  1      0.101026182             1.0000000
S   1
  1      0.0413322544            1.0000000
P   1
  1      40.9713585              1.0000000
P   1
  1      9.64448228              1.0000000
P   1
  1      2.99814660              1.0000000
P   1
  1      1.04950925              1.0000000
P   1
  1      0.404947150             1.0000000
P   1
  1      0.165880377             1.0000000
P   1 
  1      0.0696137454            1.0000000
P   1
  1      0.0292979655            1.0000000
D   1
  1      9.04771923              1.0000000
D   1
  1      0.371919015             1.0000000
D   1 
  1      0.194872657             1.0000000
F   1
  1      0.366942695             1.0000000

NEON
S   1
  1      396947.614              1.0000000
S   1
  1      54444.3048              1.0000000
S   1
  1      11752.5108              1.0000000
S   1 
  1      3210.89589              1.0000000
S   1
  1      1020.06148              1.0000000
S   1   
  1      360.686567              1.0000000
S   1
  1      138.211221              1.0000000
S   1
  1      56.2889087              1.0000000
S   1
  1      24.0137989              1.0000000
S   1
  1      10.5814807              1.0000000
S   1
  1      4.61947110              1.0000000
S   1
  1      1.88234675              1.0000000
S   1
  1      0.752704176             1.0000000
S   1
  1      0.293186695             1.0000000
P   1
  1      311.489673              1.0000000
P   1
  1      72.6198672              1.0000000
P   1
  1      22.9555900              1.0000000
P   1
  1      8.40148544              1.0000000
P   1
  1      3.32657461              1.0000000
P   1
  1      1.33518856              1.0000000
P   1 
  1      0.521429760             1.0000000
P   1
  1      0.192869104             1.0000000
D   1
  1      60.4818445              1.0000000
D   1
  1      3.98165568              1.0000000
D   1 
  1      1.12359377              1.0000000
F   1
  1      2.47554062              1.0000000
