HYDROGEN
S   1
  1      50.000000             1.0000000

HELIUM
S   1
  1      100.000000             1.0000000


NEON
S   1
  1      26393.7466           1.0000000
S   1
  1      3840.39579           1.0000000
S   1
  1      858.347380           1.0000000
S   1
  1      239.831047           1.0000000
S   1
  1      77.0985719           1.0000000
S   1
  1      27.1659873           1.0000000
P   1
  1      101.356529           1.0000000
P   1
  1      23.4055004           1.0000000
P   1
  1      7.16482787           1.0000000
D   1
  1      2.16640868           1.0000000


